             2              2             -1              1 
             3              3              0              0 
             1              3              4              1 
             3              0              3              3 
SP of matrix = 12
             3              2    -0.33333334              2 
             3              3              0              0 
             0             15              6             -3 
             0              0              1              0 
             3     0.13333334     -1.1333333      2.4000001 
            45              9            -21              9 
             0              1              0              0 
             0              0              1              0 
            12            -42             21             81 
             1              0              0              0 
             0              1              0              0 
             0              0              1              0 
